chr	start	end	heart
1	1.2	2.1	0.1
2	1.2	2.1	0.1
3	1.2	2.1	0.1
4	1.2	2.1	0.1
5	1.2	2.1	0.1
6	1.2	2.1	0.1
7	1.2	2.1	0.1
8	1.2	2.1	0.1
9	1.2	2.1	0.1
10	1.2	2.1	0.1
11	1.2	2.1	0.1
12	1.2	2.1	0.1
13	1.2	2.1	0.1
14	1.2	2.1	0.1
15	1.2	2.1	0.1
16	1.2	2.1	0.1
17	1.2	2.1	0.1
18	1.2	2.1	0.1
19	1.2	2.1	1
20	1.2	2.1	0.1
21	1.2	2.1	1
22	1.2	2.1	0.1
23	1.2	2.1	0.1
24	1.2	2.1	0.1
25	1.2	2.1	0.1
26	1.2	2.1	0.1
27	1.2	2.1	0.1
28	1.2	2.1	0.1
29	1.2	2.1	1
30	1.2	2.1	0.1
31	1.2	2.1	0.1